1 -9.923545E+00 1.343360E+01 -3.286E-19 -1.873E-21
2 -1.004614E+01 1.353066E+01 -3.214E-19 -1.763E-21
3 -1.016881E+01 1.362758E+01 -2.930E-19 -1.549E-21
4 -1.029155E+01 1.372435E+01 -2.473E-19 -1.263E-21
5 -1.041435E+01 1.382099E+01 -1.890E-19 -9.323E-22
6 -1.053721E+01 1.391750E+01 -1.226E-19 -5.851E-22
7 -1.066011E+01 1.401388E+01 -5.283E-20 -2.443E-22
8 -1.078305E+01 1.411013E+01 1.593E-20 7.141E-23
9 -1.090602E+01 1.420626E+01 7.991E-20 3.477E-22
10 -1.102902E+01 1.430227E+01 1.360E-19 5.747E-22
11 -1.115204E+01 1.439816E+01 1.818E-19 7.469E-22
12 -1.127508E+01 1.449394E+01 2.156E-19 8.622E-22
13 -1.139812E+01 1.458962E+01 2.367E-19 9.218E-22
14 -1.152116E+01 1.468519E+01 2.492E-19 9.456E-22
15 -1.167496E+01 1.480452E+01 2.518E-19 9.263E-22
16 -1.182875E+01 1.492369E+01 2.424E-19 8.652E-22
17 -1.198251E+01 1.504272E+01 2.222E-19 7.702E-22
18 -1.213623E+01 1.516162E+01 1.928E-19 6.498E-22
19 -1.228991E+01 1.528038E+01 1.562E-19 5.123E-22
20 -1.244352E+01 1.539903E+01 1.144E-19 3.654E-22
21 -1.259708E+01 1.551755E+01 6.948E-20 2.163E-22
22 -1.275056E+01 1.563597E+01 2.355E-20 7.155E-23
23 -1.290396E+01 1.575429E+01 -2.145E-20 -6.361E-23
24 -1.305727E+01 1.587252E+01 -6.377E-20 -1.847E-22
25 -1.321048E+01 1.599065E+01 -1.019E-19 -2.884E-22
26 -1.336358E+01 1.610871E+01 -1.344E-19 -3.723E-22
27 -1.351657E+01 1.622668E+01 -1.605E-19 -4.352E-22
28 -1.366945E+01 1.634459E+01 -1.794E-19 -4.764E-22
29 -1.382219E+01 1.646244E+01 -1.933E-19 -5.028E-22
30 -1.401293E+01 1.660968E+01 -2.027E-19 -5.143E-22
31 -1.420345E+01 1.675684E+01 -2.042E-19 -5.057E-22
32 -1.439374E+01 1.690394E+01 -1.981E-19 -4.792E-22
33 -1.458379E+01 1.705099E+01 -1.850E-19 -4.372E-22
34 -1.477359E+01 1.719800E+01 -1.656E-19 -3.825E-22
35 -1.496312E+01 1.734499E+01 -1.409E-19 -3.181E-22
36 -1.515238E+01 1.749197E+01 -1.120E-19 -2.473E-22
37 -1.534136E+01 1.763895E+01 -8.030E-20 -1.733E-22
38 -1.553006E+01 1.778594E+01 -4.687E-20 -9.898E-23
39 -1.571846E+01 1.793296E+01 -1.299E-20 -2.684E-23
40 -1.590656E+01 1.808001E+01 2.043E-20 4.136E-23 #alpha glyph damaged in scan; value printed clearly at row 90 (same equilibrium, mirrored branch)
41 -1.614126E+01 1.826390E+01 6.018E-20 1.188E-22
42 -1.637546E+01 1.844789E+01 9.674E-20 1.863E-22
43 -1.660917E+01 1.863200E+01 1.292E-19 2.431E-22
44 -1.684237E+01 1.881626E+01 1.567E-19 2.885E-22
45 -1.707506E+01 1.900070E+01 1.789E-19 3.224E-22
46 -1.730722E+01 1.918532E+01 1.952E-19 3.450E-22
47 -9.434075E+00 1.304385E+01 -2.510E-20 -1.691E-22
48 -9.556290E+00 1.314152E+01 4.576E-20 2.949E-22
49 -9.678611E+00 1.323903E+01 1.076E-19 6.643E-22
50 -9.801033E+00 1.333639E+01 1.567E-19 9.289E-22
51 -9.923545E+00 1.343360E+01 1.910E-19 1.089E-21
52 -1.004614E+01 1.353066E+01 2.097E-19 1.150E-21
53 -1.016881E+01 1.362758E+01 2.130E-19 NaN #p printed "1.126E-?1": exponent digit damaged in the scan; stored as illegible
54 -1.029155E+01 1.372435E+01 2.021E-19 NaN #p printed "1.032E-?1": exponent digit damaged in the scan; stored as illegible
55 -1.041435E+01 1.382099E+01 1.792E-19 8.843E-22
56 -1.053721E+01 1.391750E+01 1.467E-19 7.004E-22
57 -1.066011E+01 1.401388E+01 1.074E-19 4.967E-22
58 -1.078305E+01 1.411013E+01 6.418E-20 2.877E-22
59 -1.090602E+01 1.420626E+01 1.975E-20 8.595E-23
60 -1.102902E+01 1.430227E+01 -2.332E-20 -9.856E-23
61 -1.115204E+01 1.439816E+01 -6.283E-20 -2.582E-22
62 -1.127508E+01 1.449394E+01 -9.699E-20 -3.878E-22
63 -1.139812E+01 1.458962E+01 -1.244E-19 -4.846E-22
64 -1.152116E+01 1.468519E+01 -1.468E-19 -5.570E-22
65 -1.167496E+01 1.480452E+01 -1.662E-19 -6.114E-22
66 -1.182875E+01 1.492369E+01 -1.768E-19 -6.311E-22
67 -1.198251E+01 1.504272E+01 -1.787E-19 -6.196E-22
68 -1.213623E+01 1.516162E+01 -1.725E-19 -5.813E-22
69 -1.228991E+01 1.528038E+01 -1.588E-19 -5.210E-22
70 -1.244352E+01 1.539903E+01 -1.389E-19 -4.437E-22
71 -1.259708E+01 1.551755E+01 -1.139E-19 -3.547E-22
72 -1.275056E+01 1.563597E+01 -8.519E-20 -2.588E-22
73 -1.290396E+01 1.575429E+01 -5.415E-20 -1.606E-22
74 -1.305727E+01 1.587252E+01 -2.217E-20 -6.423E-23
75 -1.321048E+01 1.599065E+01 9.411E-21 2.665E-23
76 -1.336358E+01 1.610871E+01 3.938E-20 1.091E-22
77 -1.351657E+01 1.622668E+01 6.666E-20 1.807E-22
78 -1.366945E+01 1.634459E+01 9.033E-20 2.398E-22
79 -1.382219E+01 1.646244E+01 1.111E-19 2.889E-22
80 -1.401293E+01 1.660968E+01 1.319E-19 3.346E-22
81 -1.420345E+01 1.675684E+01 1.470E-19 3.640E-22
82 -1.439374E+01 1.690394E+01 1.561E-19 3.776E-22
83 -1.458379E+01 1.705099E+01 1.592E-19 3.762E-22
84 -1.477359E+01 1.719800E+01 1.563E-19 3.611E-22
85 -1.496312E+01 1.734499E+01 1.479E-19 3.339E-22
86 -1.515238E+01 1.749197E+01 1.345E-19 2.970E-22
87 -1.534136E+01 1.763895E+01 1.169E-19 2.524E-22
88 -1.553006E+01 1.778594E+01 9.585E-20 2.024E-22
89 -1.571846E+01 1.793296E+01 7.225E-20 1.493E-22
90 -1.590656E+01 1.808001E+01 4.756E-20 9.627E-23
91 -1.614126E+01 1.826390E+01 1.615E-20 3.188E-23
92 -1.637546E+01 1.844789E+01 -1.477E-20 -2.845E-23
93 -6.421912E+00 1.042375E+01 -4.268E-02 1.086E-02
94 -6.422383E+00 1.044356E+01 -4.259E-02 1.084E-02
95 -6.423676E+00 1.046077E+01 -4.235E-02 1.077E-02
96 -6.425619E+00 1.047573E+01 -4.199E-02 1.066E-02
97 -6.428061E+00 1.048874E+01 -4.149E-02 1.051E-02
98 -6.430869E+00 1.050007E+01 -4.087E-02 1.032E-02
99 -6.433929E+00 1.050994E+01 -4.012E-02 1.010E-02
100 -6.437148E+00 1.051855E+01 -3.925E-02 9.853E-03
101 -6.440450E+00 1.052608E+01 -3.827E-02 9.572E-03
102 -6.443775E+00 1.053266E+01 -3.717E-02 9.263E-03
103 -6.447078E+00 1.053844E+01 -3.597E-02 8.929E-03
104 -6.450325E+00 1.054353E+01 -3.466E-02 8.570E-03
105 -6.453494E+00 1.054803E+01 -3.325E-02 8.190E-03
106 -6.456571E+00 1.055202E+01 -3.174E-02 7.789E-03
107 -6.459549E+00 1.055559E+01 -3.014E-02 7.369E-03
108 -6.462428E+00 1.055880E+01 -2.845E-02 6.932E-03
109 -6.465209E+00 1.056171E+01 -2.669E-02 6.479E-03
110 -6.467898E+00 1.056437E+01 -2.484E-02 6.011E-03
111 -6.470503E+00 1.056682E+01 -2.293E-02 5.530E-03
112 -6.473031E+00 1.056910E+01 -2.094E-02 5.037E-03
113 -6.475490E+00 1.057124E+01 -1.890E-02 4.534E-03
114 -6.477886E+00 1.057327E+01 -1.680E-02 4.020E-03
115 -6.480224E+00 1.057522E+01 -1.466E-02 3.499E-03
116 -6.482507E+00 1.057709E+01 -1.247E-02 2.970E-03
117 -5.717336E+00 8.300828E+00 -1.980E-02 1.176E-03
118 -6.074053E+00 8.716746E+00 -2.249E-02 2.156E-03
119 -6.280097E+00 9.032906E+00 -2.500E-02 3.180E-03
120 -6.395281E+00 9.280496E+00 -2.733E-02 4.184E-03
121 -6.455888E+00 9.479154E+00 -2.947E-02 5.136E-03
122 -6.483826E+00 9.641531E+00 -3.143E-02 6.019E-03
123 -6.492522E+00 9.776117E+00 -3.323E-02 6.826E-03
124 -6.492752E+00 9.802286E+00 -3.360E-02 6.991E-03
125 -6.488953E+00 9.910892E+00 -3.520E-02 7.701E-03
126 -6.480309E+00 1.000274E+01 -3.663E-02 8.332E-03
127 -6.469735E+00 1.008089E+01 -3.791E-02 8.885E-03
128 -6.458999E+00 1.014768E+01 -3.903E-02 9.362E-03
129 -6.449121E+00 1.020499E+01 -4.000E-02 9.766E-03
130 -6.440642E+00 1.025429E+01 -4.082E-02 1.010E-02
131 -6.433794E+00 1.029681E+01 -4.148E-02 1.037E-02
132 -6.428613E+00 1.033355E+01 -4.200E-02 1.058E-02
133 -6.425019E+00 1.036534E+01 -4.237E-02 1.072E-02
134 -6.422862E+00 1.039288E+01 -4.260E-02 1.082E-02
135 -6.421965E+00 1.041677E+01 -4.269E-02 1.086E-02
136 -6.421912E+00 1.042375E+01 -4.268E-02 1.086E-02
137 -6.422383E+00 1.044356E+01 -4.259E-02 1.084E-02
138 -6.423676E+00 1.046077E+01 -4.235E-02 1.077E-02
139 -6.425619E+00 1.047573E+01 -4.199E-02 1.066E-02
140 -6.428061E+00 1.048874E+01 -4.149E-02 1.051E-02
141 -6.430869E+00 1.050007E+01 -4.087E-02 1.032E-02
142 -6.433929E+00 1.050994E+01 -4.012E-02 1.010E-02
143 -6.437148E+00 1.051855E+01 -3.925E-02 9.853E-03
144 -6.440450E+00 1.052608E+01 -3.827E-02 9.572E-03
145 -6.443775E+00 1.053266E+01 -3.717E-02 9.263E-03
146 -6.447078E+00 1.053844E+01 -3.597E-02 8.929E-03
147 -6.450325E+00 1.054353E+01 -3.466E-02 8.570E-03
148 -6.453494E+00 1.054803E+01 -3.325E-02 8.190E-03
149 -6.456571E+00 1.055202E+01 -3.174E-02 7.789E-03
150 -6.459549E+00 1.055559E+01 -3.014E-02 7.369E-03
151 -6.462428E+00 1.055880E+01 -2.845E-02 6.932E-03
152 -6.465209E+00 1.056171E+01 -2.669E-02 6.479E-03
153 -6.467898E+00 1.056437E+01 -2.484E-02 6.011E-03
154 -6.470503E+00 1.056682E+01 -2.293E-02 5.530E-03
155 -6.473031E+00 1.056910E+01 -2.094E-02 5.037E-03
156 -6.475490E+00 1.057124E+01 -1.890E-02 4.534E-03
157 -6.477886E+00 1.057327E+01 -1.680E-02 4.020E-03
158 -6.480224E+00 1.057522E+01 -1.466E-02 3.499E-03
159 -6.482507E+00 1.057709E+01 -1.247E-02 2.970E-03
160 -6.484735E+00 1.057891E+01 -1.024E-02 2.435E-03
161 -6.486905E+00 1.058068E+01 -7.985E-03 1.896E-03
162 -6.489012E+00 1.058242E+01 -5.703E-03 1.352E-03
163 -6.491045E+00 1.058412E+01 -3.402E-03 8.057E-04
164 -6.492993E+00 1.058579E+01 -1.089E-03 2.577E-04
165 -6.493874E+00 1.058656E+01 1.608E-09 -3.805E-10
166 -6.491972E+00 1.058491E+01 2.317E-03 -5.485E-04
167 -6.489977E+00 1.058322E+01 4.624E-03 -1.096E-03
168 -6.487903E+00 1.058150E+01 6.916E-03 -1.641E-03
169 -6.485762E+00 1.057975E+01 9.186E-03 -2.182E-03
170 -6.483561E+00 1.057795E+01 1.143E-02 -2.720E-03
171 -6.481303E+00 1.057611E+01 1.363E-02 -3.251E-03
172 -6.478991E+00 1.057420E+01 1.580E-02 -3.776E-03
173 -6.476623E+00 1.057221E+01 1.792E-02 -4.294E-03
174 -6.438693E+00 1.052221E+01 3.881E-02 -9.724E-03
175 -6.435426E+00 1.051413E+01 NaN -9.990E-03 #beta printed "3.97?E-02": last digit damaged in the scan (resembles 3); stored as illegible
176 -6.432281E+00 1.050488E+01 4.053E-02 -1.023E-02
177 -6.429342E+00 1.049426E+01 4.121E-02 -1.043E-02
178 -6.426713E+00 1.048207E+01 4.177E-02 -1.059E-02
179 -6.424517E+00 1.046806E+01 4.220E-02 -1.072E-02
180 -6.422899E+00 1.045194E+01 4.249E-02 -1.081E-02
181 -6.422019E+00 1.043340E+01 4.266E-02 -1.085E-02
182 -6.421912E+00 1.042375E+01 4.268E-02 -1.086E-02
183 -6.422446E+00 1.040092E+01 4.264E-02 -1.084E-02
184 -6.424178E+00 1.037462E+01 4.246E-02 -1.076E-02
185 -6.427292E+00 1.034426E+01 4.213E-02 -1.063E-02
186 -6.431951E+00 1.030919E+01 4.166E-02 -1.044E-02
187 -6.438261E+00 1.026863E+01 4.105E-02 -1.019E-02
188 -6.446230E+00 1.022162E+01 4.028E-02 -9.881E-03
189 -6.455700E+00 1.016704E+01 3.936E-02 -9.500E-03
190 -6.466245E+00 1.010347E+01 3.829E-02 -9.046E-03
191 -6.477021E+00 1.002920E+01 3.706E-02 -8.518E-03
192 -6.486537E+00 9.942043E+00 3.567E-02 -7.913E-03
193 -6.492302E+00 9.839201E+00 3.413E-02 -7.228E-03
194 -6.492752E+00 9.802286E+00 3.360E-02 -6.991E-03
195 -6.487000E+00 9.672882E+00 3.184E-02 -6.201E-03
196 -6.464168E+00 9.517156E+00 2.991E-02 -5.334E-03
197 -6.412155E+00 9.327274E+00 2.781E-02 -4.396E-03
198 -6.311292E+00 9.091681E+00 2.552E-02 -3.401E-03
199 -6.129087E+00 8.792579E+00 2.305E-02 -2.377E-03
200 -5.811713E+00 8.401748E+00 2.040E-02 -1.380E-03
201 -5.275754E+00 7.875753E+00 1.759E-02 -5.239E-04
