1 -7.159E-31 6.808E-21 1.538E+01 4.413E-18 3.384E-01
2 0.000E+00 6.413E-21 1.537E+01 4.142E-18 3.373E-01
3 2.031E-31 5.638E-21 1.537E+01 3.630E-18 3.362E-01
4 0.000E+00 4.597E-21 1.536E+01 2.950E-18 3.351E-01
5 -1.597E-30 3.396E-21 1.535E+01 2.173E-18 3.341E-01
6 -5.507E-32 2.133E-21 1.534E+01 1.360E-18 3.330E-01
7 6.609E-31 8.909E-22 1.533E+01 5.664E-19 3.320E-01
8 -2.809E-30 -2.606E-22 1.532E+01 -1.652E-19 3.310E-01
9 -3.359E-30 -1.270E-21 1.531E+01 -8.023E-19 3.300E-01
10 0.000E+00 -2.101E-21 1.530E+01 -1.323E-18 3.290E-01
11 0.000E+00 -2.733E-21 1.529E+01 -1.716E-18 3.280E-01
12 2.423E-30 -3.157E-21 1.527E+01 -1.976E-18 3.270E-01
13 -2.887E-25 -3.379E-21 1.526E+01 -2.108E-18 3.261E-01
14 3.552E-30 -3.469E-21 1.525E+01 -2.158E-18 3.251E-01
15 1.465E-29 -3.403E-21 1.523E+01 -2.109E-18 3.239E-01
16 -2.615E-30 -3.183E-21 1.521E+01 -1.965E-18 3.228E-01
17 6.939E-30 -2.838E-21 1.519E+01 -1.745E-18 3.216E-01
18 8.535E-30 -2.398E-21 1.516E+01 -1.469E-18 3.205E-01
19 -8.542E-30 -1.893E-21 1.514E+01 -1.156E-18 3.194E-01
20 0.000E+00 -1.353E-21 1.512E+01 -8.228E-19 3.183E-01
21 -9.569E-31 -8.023E-22 1.509E+01 -4.862E-19 3.172E-01
22 0.000E+00 -2.658E-22 1.507E+01 -1.605E-19 3.161E-01
23 -1.817E-30 2.367E-22 1.504E+01 1.424E-19 3.151E-01
24 -3.497E-30 6.888E-22 1.501E+01 4.130E-19 3.140E-01
25 3.084E-30 1.078E-21 1.498E+01 6.437E-19 3.130E-01
26 1.322E-30 1.394E-21 1.495E+01 8.298E-19 3.120E-01
27 1.239E-30 1.633E-21 1.492E+01 9.684E-19 3.109E-01
28 2.887E-26 1.791E-21 1.489E+01 1.059E-18 3.099E-01
29 -6.884E-30 1.895E-21 1.486E+01 1.116E-18 3.090E-01
30 2.049E-29 1.944E-21 1.482E+01 1.140E-18 3.077E-01
31 9.115E-30 1.917E-21 1.478E+01 1.119E-18 3.065E-01
32 -8.812E-31 1.823E-21 1.473E+01 1.059E-18 3.054E-01
33 0.000E+00 1.668E-21 1.469E+01 9.652E-19 3.042E-01
34 0.000E+00 1.464E-21 1.464E+01 8.434E-19 3.030E-01
35 0.000E+00 1.222E-21 1.459E+01 7.008E-19 3.019E-01
36 0.000E+00 9.533E-22 1.454E+01 5.445E-19 3.008E-01
37 1.101E-31 6.705E-22 1.449E+01 3.813E-19 2.996E-01
38 7.159E-31 3.843E-22 1.444E+01 2.176E-19 2.985E-01
39 -4.042E-25 1.046E-22 1.439E+01 5.897E-20 2.975E-01
40 -1.201E-29 -1.618E-22 1.434E+01 -9.081E-20 2.964E-01
41 0.000E+00 -4.668E-22 1.427E+01 -2.607E-19 2.951E-01
42 1.223E-29 -7.362E-22 1.420E+01 -4.089E-19 2.938E-01
43 0.000E+00 -9.654E-22 1.413E+01 -5.333E-19 2.925E-01
44 -1.074E-30 -1.152E-21 1.406E+01 -6.329E-19 2.912E-01
45 2.423E-30 -1.294E-21 1.399E+01 -7.073E-19 2.899E-01
46 -2.313E-30 -1.392E-21 1.392E+01 -7.569E-19 2.887E-01
47 -6.829E-30 6.141E-22 1.539E+01 4.033E-19 3.429E-01
48 0.000E+00 -1.071E-21 1.539E+01 -7.012E-19 3.418E-01
49 1.068E-29 -2.414E-21 1.539E+01 -1.575E-18 3.406E-01
50 3.442E-30 -3.376E-21 1.538E+01 -2.195E-18 3.395E-01
51 -3.948E-30 -3.958E-21 1.538E+01 -2.565E-18 3.384E-01
52 0.000E+00 -4.184E-21 1.537E+01 -2.703E-18 3.373E-01
53 4.640E-30 -4.098E-21 1.537E+01 -2.639E-18 3.362E-01
54 -9.087E-31 -3.757E-21 1.536E+01 -2.411E-18 3.351E-01
55 3.029E-30 -3.221E-21 1.535E+01 -2.061E-18 3.341E-01
56 0.000E+00 -2.553E-21 1.534E+01 -1.628E-18 3.330E-01
57 2.203E-30 -1.812E-21 1.533E+01 -1.152E-18 3.320E-01
58 3.001E-30 -1.050E-21 1.532E+01 -6.655E-19 3.310E-01
59 -3.848E-30 -3.139E-22 1.531E+01 -1.983E-19 3.300E-01
60 0.000E+00 3.603E-22 1.530E+01 2.269E-19 3.290E-01 #theta exponent letter damaged in the scan ('1.530?+01'); value confirmed by row 10 (same equilibrium)
61 4.172E-30 9.446E-22 1.529E+01 5.931E-19 3.280E-01
62 2.341E-31 1.420E-21 1.527E+01 8.889E-19 3.270E-01
63 -5.053E-25 1.776E-21 1.526E+01 1.108E-18 3.261E-01
64 -5.535E-30 2.044E-21 1.525E+01 1.271E-18 3.251E-01
65 -7.710E-31 2.246E-21 1.523E+01 1.392E-18 3.239E-01
66 2.258E-30 2.322E-21 1.521E+01 1.433E-18 3.228E-01
67 -1.239E-29 2.283E-21 1.519E+01 1.404E-18 3.216E-01
68 1.564E-29 2.145E-21 1.516E+01 1.314E-18 3.205E-01
69 1.057E-30 1.925E-21 1.514E+01 1.176E-18 3.194E-01
70 4.101E-31 1.643E-21 1.512E+01 9.992E-19 3.183E-01
71 -1.817E-30 1.315E-21 1.509E+01 7.971E-19 3.172E-01
72 0.000E+00 9.613E-22 1.507E+01 5.805E-19 3.161E-01
73 -1.101E-30 5.976E-22 1.504E+01 3.596E-19 3.151E-01
74 1.817E-30 2.395E-22 1.501E+01 1.436E-19 3.140E-01
75 0.000E+00 -9.958E-23 1.498E+01 -5.948E-20 3.130E-01
76 -7.297E-31 -4.084E-22 1.495E+01 -2.431E-19 3.120E-01
77 -5.232E-30 -6.780E-22 1.492E+01 -4.021E-19 3.109E-01
78 8.373E-25 -9.017E-22 1.489E+01 -5.329E-19 3.099E-01
79 1.804E-30 -1.089E-21 1.486E+01 -6.412E-19 3.090E-01
80 3.084E-30 -1.265E-21 1.482E+01 -7.415E-19 3.077E-01
81 -9.280E-30 -1.380E-21 1.478E+01 -8.056E-19 3.065E-01
82 0.000E+00 -1.436E-21 1.473E+01 -8.346E-19 3.054E-01
83 1.487E-30 -1.435E-21 1.469E+01 -8.305E-19 3.042E-01
84 7.770E-31 -1.382E-21 1.464E+01 -7.963E-19 3.030E-01
85 -3.458E-30 -1.283E-21 1.459E+01 -7.357E-19 3.019E-01
86 2.482E-30 -1.145E-21 1.454E+01 -6.537E-19 3.008E-01
87 5.783E-31 -9.762E-22 1.449E+01 -5.551E-19 2.996E-01
88 3.415E-30 -7.858E-22 1.444E+01 -4.449E-19 2.985E-01
89 -1.357E-24 -5.819E-22 1.439E+01 -3.281E-19 2.975E-01
90 -4.859E-30 -3.766E-22 1.434E+01 -2.114E-19 2.964E-01
91 -1.083E-31 -1.253E-22 1.427E+01 -6.997E-20 2.951E-01
92 4.025E-02 4.649E-02 9.922E+00 4.150E+01 4.401E-01
93 3.757E-02 4.622E-02 1.005E+01 4.105E+01 4.384E-01
94 3.497E-02 4.534E-02 1.043E+01 3.964E+01 4.333E-01
95 3.245E-02 4.439E-02 1.079E+01 3.823E+01 4.286E-01
96 3.002E-02 4.335E-02 1.113E+01 3.681E+01 4.241E-01
97 2.767E-02 4.225E-02 1.146E+01 3.539E+01 4.200E-01
98 2.542E-02 4.107E-02 1.178E+01 3.397E+01 4.161E-01
99 2.325E-02 3.983E-02 1.207E+01 3.254E+01 4.125E-01
100 2.117E-02 3.852E-02 1.235E+01 3.111E+01 4.091E-01
101 1.919E-02 3.715E-02 1.262E+01 2.968E+01 4.060E-01
102 1.730E-02 3.571E-02 1.287E+01 2.825E+01 4.030E-01
103 1.550E-02 3.423E-02 1.311E+01 2.681E+01 4.003E-01
104 1.379E-02 3.268E-02 1.333E+01 2.537E+01 3.977E-01
105 1.219E-02 3.109E-02 1.354E+01 2.393E+01 3.953E-01
106 1.068E-02 2.945E-02 1.373E+01 2.248E+01 3.931E-01
107 9.263E-03 2.776E-02 1.392E+01 2.104E+01 3.911E-01
108 7.948E-03 2.603E-02 1.408E+01 1.959E+01 3.892E-01
109 6.732E-03 2.426E-02 1.424E+01 1.814E+01 3.875E-01
110 5.614E-03 2.245E-02 1.438E+01 1.669E+01 3.859E-01
111 4.597E-03 2.061E-02 1.452E+01 1.524E+01 3.845E-01
112 3.681E-03 1.874E-02 1.463E+01 1.379E+01 3.832E-01
113 2.865E-03 1.683E-02 1.474E+01 1.233E+01 3.821E-01
114 2.151E-03 1.491E-02 1.483E+01 1.088E+01 3.811E-01
115 1.538E-03 1.296E-02 1.492E+01 9.424E+00 3.802E-01
116 9.327E-02 -4.453E-02 7.710E-01 -6.426E+01 6.548E-01
117 9.269E-02 -4.269E-02 2.926E-01 -6.542E+01 6.908E-01
118 9.083E-02 -4.223E-02 2.102E-01 -6.564E+01 6.997E-01
119 8.830E-02 -4.416E-02 6.564E-01 -6.452E+01 6.620E-01
120 8.541E-02 -4.569E-02 1.215E+00 -6.329E+01 6.316E-01
121 8.232E-02 -4.690E-02 1.822E+00 -6.202E+01 6.065E-01
122 7.912E-02 -4.786E-02 2.447E+00 -6.074E+01 5.852E-01
123 7.585E-02 -4.861E-02 3.075E+00 -5.944E+01 5.668E-01
124 7.514E-02 -4.918E-02 3.697E+00 -5.813E+01 5.506E-01
125 7.185E-02 -4.961E-02 4.307E+00 -5.682E+01 5.363E-01
126 6.857E-02 -4.968E-02 4.438E+00 -5.653E+01 5.334E-01
127 6.531E-02 -4.994E-02 5.030E+00 -5.520E+01 5.207E-01
128 6.208E-02 -5.006E-02 5.605E+00 -5.387E+01 5.093E-01
129 5.890E-02 -5.007E-02 6.162E+00 -5.252E+01 4.989E-01
130 5.578E-02 -4.997E-02 6.700E+00 -5.117E+01 4.893E-01
131 5.271E-02 -4.976E-02 7.218E+00 -4.981E+01 4.806E-01
132 4.971E-02 -4.945E-02 7.717E+00 -4.844E+01 4.725E-01
133 4.677E-02 -4.904E-02 8.196E+00 -4.706E+01 4.650E-01
134 4.391E-02 -4.854E-02 8.656E+00 -4.568E+01 4.581E-01
135 4.113E-02 -4.794E-02 9.097E+00 -4.429E+01 4.516E-01
136 4.025E-02 -4.726E-02 9.519E+00 -4.290E+01 4.457E-01
137 3.757E-02 -4.649E-02 9.922E+00 -4.150E+01 4.401E-01
138 3.497E-02 -4.622E-02 1.005E+01 -4.105E+01 4.384E-01
139 3.245E-02 -4.534E-02 1.043E+01 -3.964E+01 4.333E-01
140 3.002E-02 -4.439E-02 1.079E+01 -3.823E+01 4.286E-01
141 2.767E-02 -4.335E-02 1.113E+01 -3.681E+01 4.241E-01
142 2.542E-02 -4.225E-02 1.146E+01 -3.539E+01 4.200E-01
143 2.325E-02 -4.107E-02 1.178E+01 -3.397E+01 4.161E-01
144 2.117E-02 -3.983E-02 1.207E+01 -3.254E+01 4.125E-01
145 1.919E-02 -3.852E-02 1.235E+01 -3.111E+01 4.091E-01
146 1.730E-02 -3.715E-02 1.262E+01 -2.968E+01 4.060E-01
147 1.550E-02 -3.571E-02 1.287E+01 -2.825E+01 4.030E-01
148 1.379E-02 -3.423E-02 1.311E+01 -2.681E+01 4.003E-01
149 1.219E-02 -3.268E-02 1.333E+01 -2.537E+01 3.977E-01
150 1.068E-02 -3.109E-02 1.354E+01 -2.393E+01 3.953E-01
151 9.263E-03 -2.945E-02 1.373E+01 -2.248E+01 3.931E-01
152 7.948E-03 -2.776E-02 1.392E+01 -2.104E+01 3.911E-01 #q exponent letter damaged in the scan; mantissa and exponent legible (same value as row 108)
153 6.732E-03 -2.603E-02 1.408E+01 -1.959E+01 3.892E-01
154 5.614E-03 -2.426E-02 1.424E+01 -1.814E+01 3.875E-01
155 4.597E-03 -2.245E-02 1.438E+01 -1.669E+01 3.859E-01
156 3.681E-03 -2.061E-02 1.452E+01 -1.524E+01 3.845E-01
157 2.865E-03 -1.874E-02 1.463E+01 -1.379E+01 3.832E-01
158 2.151E-03 -1.683E-02 1.474E+01 -1.233E+01 3.821E-01
159 1.538E-03 -1.491E-02 1.483E+01 -1.088E+01 3.811E-01
160 1.028E-03 -1.296E-02 1.492E+01 -9.424E+00 3.802E-01
161 6.195E-04 -1.099E-02 1.499E+01 -7.968E+00 3.794E-01
162 3.139E-04 -9.002E-03 1.505E+01 -6.512E+00 3.788E-01
163 1.112E-04 -7.002E-03 1.509E+01 -5.056E+00 3.783E-01
164 1.136E-05 -4.992E-03 1.513E+01 -3.599E+00 3.779E-01
165 2.476E-17 -2.974E-03 1.515E+01 -2.142E+00 3.776E-01
166 5.149E-05 -9.508E-04 1.516E+01 -6.844E-01 3.775E-01
167 2.059E-04 1.404E-09 1.516E+01 1.011E-06 3.774E-01
168 4.632E-04 2.024E-03 1.516E+01 1.457E+00 3.775E-01
169 8.231E-04 4.045E-03 1.514E+01 2.914E+00 3.777E-01
170 1.286E-03 6.059E-03 1.511E+01 4.371E+00 3.781E-01
171 1.850E-03 8.064E-03 1.507E+01 5.828E+00 3.785E-01
172 2.517E-03 1.006E-02 1.502E+01 7.284E+00 3.791E-01
173 3.285E-03 1.203E-02 1.495E+01 8.740E+00 3.798E-01
174 2.226E-02 1.399E-02 1.487E+01 1.020E+01 3.806E-01
175 2.439E-02 1.593E-02 1.479E+01 1.165E+01 3.816E-01
176 2.660E-02 3.788E-02 1.248E+01 3.044E+01 4.076E-01
177 2.891E-02 3.922E-02 1.221E+01 3.187E+01 4.109E-01
178 3.130E-02 4.050E-02 1.192E+01 3.330E+01 4.144E-01
179 3.377E-02 4.170E-02 1.161E+01 3.473E+01 4.181E-01
180 3.634E-02 4.284E-02 1.129E+01 3.615E+01 4.221E-01
181 3.898E-02 4.391E-02 1.095E+01 3.757E+01 4.264E-01
182 4.025E-02 4.490E-02 1.060E+01 3.898E+01 4.310E-01
183 4.301E-02 4.582E-02 1.023E+01 4.039E+01 4.360E-01
184 4.585E-02 4.622E-02 1.005E+01 4.105E+01 4.384E-01
185 4.876E-02 4.702E-02 9.650E+00 4.245E+01 4.438E-01
186 5.174E-02 4.773E-02 9.234E+00 4.385E+01 4.497E-01
187 5.479E-02 4.836E-02 8.800E+00 4.524E+01 4.560E-01
188 5.789E-02 4.889E-02 8.346E+00 4.662E+01 4.627E-01
189 6.106E-02 4.933E-02 7.873E+00 4.800E+01 4.700E-01
190 6.427E-02 4.968E-02 7.381E+00 4.937E+01 4.779E-01
191 6.752E-02 4.992E-02 6.868E+00 5.073E+01 4.864E-01
192 7.080E-02 5.005E-02 6.337E+00 5.209E+01 4.957E-01
193 7.408E-02 5.008E-02 5.786E+00 5.343E+01 5.058E-01
194 7.514E-02 4.999E-02 5.217E+00 5.477E+01 5.169E-01
195 7.841E-02 4.978E-02 4.630E+00 5.610E+01 5.292E-01
196 8.163E-02 NaN 4.438E+00 5.653E+01 5.334E-01 #r printed "4.96?E-02": third decimal damaged in the scan; stored as illegible (mirror row 126 prints -4.968E-02, but a mirror is not the same equilibrium)
197 8.475E-02 4.929E-02 3.830E+00 5.785E+01 5.474E-01
198 8.770E-02 4.875E-02 3.211E+00 5.916E+01 5.631E-01
199 9.032E-02 4.804E-02 2.584E+00 6.046E+01 5.810E-01
200 9.237E-02 4.713E-02 1.957E+00 6.175E+01 6.016E-01
201 9.330E-02 4.598E-02 1.344E+00 6.302E+01 6.257E-01
